    YEAR          X        Y        Z      X_SIG    Y_SIG    Z_SIG
 1998.092560   19.185    0.809   -4.676    1.470    1.084    3.399
 1998.243124   16.592    0.015  -11.827    1.464    1.248    3.705
 1998.411435   14.986   -3.349  -17.751    1.576    1.494    3.780
 1998.578346   12.231    0.227  -23.136    1.404    1.163    3.599
 1998.740328   14.331    2.320  -18.609    1.458    1.376    3.288
 1998.901971   15.473    2.538  -12.789    1.468    1.192    3.215
 1999.071842   17.696    2.300  -15.124    1.468    1.104    2.875
 1999.231571   16.250   -1.883  -12.279    1.545    1.210    3.027
 1999.397860   15.230   -1.616  -17.648    1.407    1.082    2.689
 1999.562235   13.824   -0.143  -23.476    1.531    1.336    5.146
 1999.732511   13.217    2.020  -15.497    1.376    1.103    2.866
 1999.889880   12.421    1.121  -11.593    1.223    1.434    2.597
 2000.063949   17.039   -1.074   -9.810    1.376    0.954    2.577
 2000.217245   14.057   -2.111  -12.447    1.470    1.284    2.796
 2000.387156   15.085   -2.479  -16.129    1.414    1.029    2.377
 2000.549026   13.199   -3.148  -20.846    1.421    1.075    2.520
 2000.706962   11.086    1.475  -23.869    1.294    1.046    2.285
 2000.880861   14.610    2.563  -16.221    1.431    1.247    2.788
 2001.039195   16.539    1.563   -9.849    1.436    1.140    2.857
 2001.201825   16.091   -2.451  -11.148    1.815    1.168    2.868
 2001.374998   15.262   -1.981  -20.025    1.342    1.442    4.297
 2001.534366   12.799   -1.709  -18.232    1.170    1.824    2.254
 2001.701353   11.352    1.277  -16.178    1.789    0.906    2.175
 2001.853098   15.873    3.201  -15.580    1.265    1.027    2.115
 2002.029248   18.420    4.293  -19.633    1.362    1.078    2.100
 2002.193096   16.049   -1.100  -11.677    1.328    0.991    1.988
 2002.354883   15.536   -2.498  -13.697    1.246    1.078    2.412
 2002.514081   12.638   -3.747  -21.082    1.389    1.119    2.064
 2002.684626   12.783    0.954  -16.060    1.447    1.082    2.337
 2002.846523   11.701    1.228  -11.462    1.235    1.010    2.573
 2003.020728   16.474    1.467  -10.351    1.359    1.141    2.781
 2003.178185   17.198    0.942  -11.531    1.157    0.921    2.133
 2003.347345   15.835   -3.239  -11.710    1.331    1.080    2.576
 2003.502772   16.161   -2.851  -17.251    1.676    0.928    1.857
 2003.666888   14.188    0.373  -12.521    1.126    0.911    1.955
 2003.824671   16.897    3.404  -11.517    1.245    1.048    2.384
 2003.999418   15.685    1.244   -9.165    1.336    1.064    2.834
 2004.154702   18.076   -0.211   -6.554    1.420    1.045    2.594
 2004.331067   13.625   -2.747  -12.619    1.460    1.101    2.339
 2004.493077   14.754   -3.347  -12.986    1.567    1.354    2.636
 2004.655861   12.094    0.349  -16.390    1.361    1.052    2.267
 2004.821147   15.468   -0.907  -15.059    1.584    1.151    2.132
 2004.984274   18.169    1.275  -13.570    1.409    0.858    1.790
 2005.142828   19.050   -1.418   -9.310    1.476    1.122    2.320
 2005.315006   16.716   -3.941   -9.466    1.426    0.964    1.957
 2005.473830   15.044   -3.903  -17.580    1.398    0.852    1.829
 2005.642457   10.542   -0.371  -17.457    1.279    0.862    1.805
 2005.806924   12.033    0.850  -14.411    1.182    0.852    1.913
 2005.962351   14.036    2.233  -15.190    1.306    0.915    1.947
 2006.127541   14.994    0.275  -14.844    1.297    0.909    1.908
 2006.301239   15.311   -2.434  -13.922    1.302    0.940    1.768
 2006.466688   14.799   -2.120  -18.262    1.027    0.729    1.465
 2006.620314   12.818   -0.152  -22.324    1.100    0.802    1.565
 2006.789257   15.439    2.010  -15.679    1.438    0.788    1.601
 2006.946522   17.273    2.371  -13.169    1.030    0.848    1.903
 2007.126662   16.653   -0.443  -13.272    1.038    0.834    1.806
 2007.281452   14.804   -2.612  -13.664    0.971    0.742    1.694
 2007.441481   15.428   -2.448  -17.983    1.028    0.867    1.678
 2007.605486   12.579   -0.361  -19.231    1.039    0.810    1.655
 2007.773008   16.232    1.780  -12.730    1.056    0.791    1.636
 2007.940738   14.759    2.764  -13.958    1.129    0.949    1.810
 2008.101710   16.998    2.070  -12.080    1.074    0.876    1.700
 2008.273463   15.980   -1.472  -13.264    1.102    0.955    1.904
 2008.432773   15.273   -2.256  -14.899    1.118    0.920    1.859
 2008.600243   11.276    0.763  -19.534    1.108    0.828    1.870
 2008.760675   14.175    2.426  -14.937    1.089    0.852    1.760
 2008.921293   15.817    3.361  -13.421    1.141    1.013    2.035
 2009.083304   15.892    0.073  -10.518    1.023    0.915    1.935
 2009.254645   17.854   -2.023  -10.466    1.027    0.851    1.698
 2009.411692   17.698   -3.341  -16.775    1.136    0.910    1.870
 2009.589903   13.117   -3.158  -16.109    1.067    0.810    1.721
 2009.742424   13.233    0.652  -15.257    1.050    0.770    1.521
 2009.903016   16.441    1.962  -13.902    1.123    0.916    1.971
 2010.077883   15.543    0.061  -12.864    1.168    1.221    2.057
 2010.238121   16.430    0.004  -11.680    1.209    0.840    1.786
 2010.406673   14.807   -1.969  -16.962    1.280    1.298    1.952
 2010.567919   13.542    1.005  -18.701    1.213    0.829    1.559
 2010.728922   15.549    2.973  -13.106    1.059    0.764    1.657
 2010.885182   15.113    4.378  -14.367    1.140    0.834    1.809
 2011.065364   16.058    3.947  -10.427    1.220    0.884    1.832
 2011.230561   16.192    0.711  -12.953    1.144    0.837    1.557
 2011.390482   16.717   -0.001  -13.097    1.210    0.902    1.729
 2011.554855   14.920   -1.599  -19.664    1.046    0.849    1.727
 2011.715540   12.647    3.169  -18.257    1.011    0.725    1.708
 2011.878167   16.477    4.764  -15.337    1.217    0.910    1.956
 2012.049467   17.331    2.851  -10.293    1.208    0.888    2.100
 2012.214480   16.348    0.398  -14.458    3.010    0.758    1.612
 2012.375334   16.320   -1.710  -16.244    0.992    0.778    1.604
 2012.544682   13.614   -0.696  -20.453    1.387    0.711    1.420
 2012.699111   12.595    2.326  -19.000    1.441    0.899    1.438
 2012.859187   14.346    4.549  -16.099    1.156    0.855    1.775
 2013.041262   16.180    1.610  -16.753    1.364    1.054    2.293
 2013.196978   16.542   -0.776  -17.050    1.121    0.885    1.918
 2013.359391   16.338   -1.795  -13.420    2.074    1.367    1.956
 2013.525263   14.921   -1.178  -21.956    1.250    0.919    4.396
 2013.690245   12.393    0.382  -22.614    1.176    0.847    2.100
 2013.853903   16.135    1.977  -18.020    1.142    0.888    1.764
 2014.016309   18.169    1.809  -12.749    1.117    0.865    1.706
 2014.184083   14.767    0.008   -9.160    1.139    0.877    1.592
 2014.344782   14.267   -3.027  -13.013    1.253    0.846    3.375
 2014.507287   13.682   -4.303  -15.426    1.008    3.080    2.722
 2014.678229   14.231    0.571  -16.494    1.020    1.716    1.623
 2014.831790   15.274    1.868  -13.197    1.141    0.905    2.024
 2015.004787   16.162   -0.164  -19.060    1.312    1.036    2.094
 2015.172458   17.301   -2.781  -12.513    1.297    0.979    2.053
 2015.337194   15.599   -3.330  -13.555    1.133    0.883    1.750
 2015.497281   13.460   -4.432  -19.554    1.160    0.751    1.898
 2015.657453   12.772    0.021  -19.022    1.020    1.197    1.628
 2015.821062   13.548    1.564  -11.842    1.139    0.933    1.869
 2015.984048   15.042    2.291   -8.851    1.292    1.228    2.063
 2016.156782   13.123   -0.073  -14.051    1.308    1.198    2.152
 2016.319818   15.255   -3.506  -18.286    1.239    2.384    1.918
 2016.477841   11.963   -2.549  -20.029    1.402    2.235    5.111
 2016.650026   10.449   -0.617  -21.218    1.201    1.171    3.735
 2016.803660   12.271    1.487  -13.949    1.173    0.957    1.838
 2016.971494   13.789    1.773  -11.761    1.505    1.215    1.956
 2017.143221   15.011    0.480  -12.377    1.204    0.861    1.742
 2017.301085   15.190   -2.413  -11.261    1.148    0.792    1.531
 2017.464433   14.665   -3.144  -17.838    1.528    0.814    1.569
 2017.631245   12.365    0.193  -19.502    1.185    0.822    1.683
 2017.791862   13.626    3.127  -14.735    1.073    0.787    1.738
 2017.959712   15.284    1.253  -18.598    1.398    0.990    2.071
 2018.125769   17.045   -1.179  -15.530    1.171    0.929    1.828
 2018.293776   15.923   -2.566  -12.789    1.347    1.855    1.875
 2018.457491   13.909   -3.306  -16.517    1.565    1.050    1.801
 2018.617085   12.022   -2.030  -17.592    1.247    0.824    1.669
 2018.775048   14.065   -0.224  -13.251    1.219    0.889    1.792
 2018.942334   16.310    1.442  -10.508    1.413    1.625    2.122
 2019.113122   17.566   -2.247  -13.248    1.382    1.014    1.980
 2019.274347   15.915   -3.586  -11.996    1.186    0.887    1.860
 2019.438312   16.102   -5.435  -14.876    1.531    1.558    1.819
 2019.607013   13.332   -3.027  -17.056    1.190    2.448    1.912
 2019.763005   13.674    0.318  -16.514    1.287    1.232    1.753
 2019.927696   16.745    0.312  -14.031    1.349    1.060    2.171
 2020.086631   18.113   -0.097   -8.064    1.361    1.623    2.096
 2020.259785   16.694   -1.882   -7.013    1.454    1.115    1.977
 2020.421650   14.726   -4.439  -13.751    1.219    0.899    1.790
 2020.591815   13.713   -1.132  -20.114    1.246    1.229    2.033
 2020.747187   13.449    2.678  -13.612    1.334    2.672    2.083
 2020.915249   17.277    3.169  -12.505    1.552    1.775    3.058
 2021.090335   19.297    0.323  -15.135    1.438    1.074    2.089
 2021.243080   17.919   -2.450  -12.106    1.200    2.071    1.763
 2021.411368   16.112   -3.103  -11.423    1.515    1.309    1.997
 2021.575359   11.724   -0.818  -18.671    1.661    1.162    2.239
 2021.736898   14.485    2.194  -13.844    1.255    0.849    2.406
 2021.898471   17.026    1.167  -10.052    1.273    0.970    1.907
 2022.067840   18.001    0.534   -9.120    1.356    1.228    1.863
 2022.231899   15.389   -2.561  -13.987    1.294    0.952    2.071
 2022.398200   16.668   -2.633  -19.639    1.325    1.523    2.014
 2022.558744   13.832   -0.540  -22.304    1.508    2.280    2.813
 2022.723140   14.195    2.310  -19.731    1.385    1.533    4.400
 2022.888701   17.708    1.980  -15.455    1.342    1.085    1.933
 2023.054882   18.931    1.438  -10.326    1.558    1.039    2.148
 2023.214610   16.754   -0.268  -10.902    1.515    1.137    2.295
 2023.383696   15.029   -2.703  -14.974    1.522    1.073    2.360
 2023.548651   11.932   -0.716  -22.852    1.409    1.097    2.367
 2023.710053   11.120    2.556  -19.732    1.277    1.163    2.133
 2023.873010   14.169    5.570  -16.195    1.332    2.128    2.217
 2024.041490   17.298    2.877  -12.325    1.424    1.388    2.544
 2024.202089   15.526    1.160  -17.853    1.342    2.383    3.374
 2024.368503   15.487    0.862  -17.930    2.116    1.631    2.406
 2024.531802   13.615    0.066  -20.660    1.429    1.427    2.012
 2024.697782   12.363    2.615  -16.799    1.386    0.919    1.841
 2024.859066   14.570    4.493  -13.430    1.526    1.092    2.186
 2024.952878   12.050    4.147  -12.095    4.696    3.942    7.836
