#  Description for UT/CSR monthly C20 RL-06 time series from SLR
#
#  Column 1: Approximate mid-point of monthly solution (years)
#  Column 2: C20 from SLR (normalized)
#  Column 3: Delta C20 relative to a mean value of -4.841694723127E-4 (1E-10)
#  Column 4: Solution sigma (1E-10)
#  Column 5: Mean value of Atmosphere-Ocean De-aliasing model (1E-10)
#  Columns 6-7: Start and end dates of data used in solution (YearMonthDay.Seconds)
#
#  The RL-06 background gravity model includes solid earth and ocean tides, solid 
#  earth and ocean pole tides, and the Atmosphere-Ocean De-aliasing (AOD1B) product.
#  However, the monthly mean of the AOD model has been restored; subtract Column 5 to remove it.
#
#  SLR estimates always use the full set of days in each calendar month.
#
 2002.0411  -4.8416936140E-04  0.9592  0.3274  0.4373   20020101.0000   20020201.0000
 2002.1259  -4.8416945550E-04  0.0182  0.2493 -0.4052   20020201.0000   20020301.0000
 2002.2026  -4.8416936814E-04  0.8918  0.2390  0.4156   20020301.0000   20020401.0000
 2002.2875  -4.8416931871E-04  1.3861  0.3813  0.2722   20020401.0000   20020501.0000
 2002.3696  -4.8416926572E-04  1.9160  0.3578  0.7870   20020501.0000   20020601.0000
 2002.4545  -4.8416940769E-04  0.4963  0.2916 -0.2968   20020601.0000   20020701.0000
 2002.5366  -4.8416955006E-04 -0.9274  0.2970 -0.7891   20020701.0000   20020801.0000
 2002.6215  -4.8416958476E-04 -1.2744  0.2415 -1.0505   20020801.0000   20020901.0000
 2002.7064  -4.8416953128E-04 -0.7396  0.2523 -0.4253   20020901.0000   20021001.0000
 2002.7885  -4.8416938837E-04  0.6895  0.2570  0.7455   20021001.0000   20021101.0000
 2002.8734  -4.8416942207E-04  0.3525  0.2662  0.2131   20021101.0000   20021201.0000
 2002.9555  -4.8416936801E-04  0.8931  0.3574  0.5263   20021201.0000   20030101.0000
 2003.0404  -4.8416933632E-04  1.2100  0.2492  0.5262   20030101.0000   20030201.0000
 2003.1253  -4.8416931642E-04  1.4090  0.2282  0.9923   20030201.0000   20030301.0000
 2003.2019  -4.8416931840E-04  1.3892  0.1952  0.5209   20030301.0000   20030401.0000
 2003.2868  -4.8416938808E-04  0.6924  0.2848  0.0479   20030401.0000   20030501.0000
 2003.3689  -4.8416940652E-04  0.5080  0.2482 -0.1482   20030501.0000   20030601.0000
 2003.4538  -4.8416936034E-04  0.9698  0.3049  0.4879   20030601.0000   20030701.0000
 2003.5359  -4.8416957048E-04 -1.1316  0.2983 -0.6671   20030701.0000   20030801.0000
 2003.6208  -4.8416959757E-04 -1.4025  0.1956 -0.7407   20030801.0000   20030901.0000
 2003.7057  -4.8416953555E-04 -0.7823  0.1950 -0.4138   20030901.0000   20031001.0000
 2003.7878  -4.8416954354E-04 -0.8622  0.3095 -0.3707   20031001.0000   20031101.0000
 2003.8727  -4.8416941444E-04  0.4288  0.3419  0.5495   20031101.0000   20031201.0000
 2003.9548  -4.8416935743E-04  0.9989  0.2719  0.5550   20031201.0000   20040101.0000
 2004.0397  -4.8416933698E-04  1.2034  0.2307  0.7843   20040101.0000   20040201.0000
 2004.1246  -4.8416933175E-04  1.2557  0.2890  0.9727   20040201.0000   20040301.0000
 2004.2040  -4.8416939763E-04  0.5969  0.2697  0.1633   20040301.0000   20040401.0000
 2004.2888  -4.8416941027E-04  0.4705  0.2593 -0.1531   20040401.0000   20040501.0000
 2004.3710  -4.8416943407E-04  0.2325  0.2483 -0.4668   20040501.0000   20040601.0000
 2004.4559  -4.8416950900E-04 -0.5168  0.3122 -1.1448   20040601.0000   20040701.0000
 2004.5380  -4.8416957745E-04 -1.2013  0.3739 -1.0190   20040701.0000   20040801.0000
 2004.6229  -4.8416952756E-04 -0.7024  0.2293 -0.4837   20040801.0000   20040901.0000
 2004.7077  -4.8416955409E-04 -0.9677  0.2777 -0.6647   20040901.0000   20041001.0000
 2004.7899  -4.8416948994E-04 -0.3262  0.2622 -0.4248   20041001.0000   20041101.0000
 2004.8747  -4.8416944914E-04  0.0818  0.3226 -0.0455   20041101.0000   20041201.0000
 2004.9569  -4.8416926402E-04  1.9330  0.2788  0.9630   20041201.0000   20050101.0000
 2005.0418  -4.8416927296E-04  1.8436  0.2476  1.2975   20050101.0000   20050201.0000
 2005.1266  -4.8416930420E-04  1.5312  0.2859  0.7915   20050201.0000   20050301.0000
 2005.2033  -4.8416931937E-04  1.3795  0.3025  0.1898   20050301.0000   20050401.0000
 2005.2882  -4.8416935949E-04  0.9783  0.2232 -0.4038   20050401.0000   20050501.0000
 2005.3703  -4.8416934516E-04  1.1216  0.2738 -0.2937   20050501.0000   20050601.0000
 2005.4552  -4.8416932864E-04  1.2868  0.2883  0.0441   20050601.0000   20050701.0000
 2005.5373  -4.8416954140E-04 -0.8408  0.2618 -1.1042   20050701.0000   20050801.0000
 2005.6222  -4.8416953869E-04 -0.8137  0.2617 -0.9307   20050801.0000   20050901.0000
 2005.7070  -4.8416954266E-04 -0.8534  0.2570 -0.6382   20050901.0000   20051001.0000
 2005.7892  -4.8416948535E-04 -0.2803  0.2276 -0.3941   20051001.0000   20051101.0000
 2005.8741  -4.8416941005E-04  0.4727  0.2832  0.2590   20051101.0000   20051201.0000
 2005.9562  -4.8416922270E-04  2.3462  0.2873  1.9178   20051201.0000   20060101.0000
 2006.0411  -4.8416931354E-04  1.4378  0.2580  1.3071   20060101.0000   20060201.0000
 2006.1259  -4.8416931986E-04  1.3746  0.2395  0.8639   20060201.0000   20060301.0000
 2006.2026  -4.8416937247E-04  0.8485  0.2587  0.2840   20060301.0000   20060401.0000
 2006.2875  -4.8416937949E-04  0.7783  0.2337  0.1877   20060401.0000   20060501.0000
 2006.3696  -4.8416947514E-04 -0.1782  0.2867 -0.7184   20060501.0000   20060601.0000
 2006.4545  -4.8416945114E-04  0.0618  0.2932 -0.5347   20060601.0000   20060701.0000
 2006.5366  -4.8416958694E-04 -1.2962  0.2021 -1.1326   20060701.0000   20060801.0000
 2006.6215  -4.8416946935E-04 -0.1203  0.2829 -0.0826   20060801.0000   20060901.0000
 2006.7064  -4.8416954104E-04 -0.8372  0.2137 -0.5232   20060901.0000   20061001.0000
 2006.7885  -4.8416955757E-04 -1.0025  0.2010 -0.7961   20061001.0000   20061101.0000
 2006.8734  -4.8416935306E-04  1.0426  0.2437  0.6754   20061101.0000   20061201.0000
 2006.9555  -4.8416939969E-04  0.5763  0.2648  0.1456   20061201.0000   20070101.0000
 2007.0404  -4.8416941177E-04  0.4555  0.2372  0.3892   20070101.0000   20070201.0000
 2007.1253  -4.8416931544E-04  1.4188  0.2612  0.7521   20070201.0000   20070301.0000
 2007.2019  -4.8416930370E-04  1.5362  0.2086  0.8067   20070301.0000   20070401.0000
 2007.2868  -4.8416937219E-04  0.8513  0.2042  0.3367   20070401.0000   20070501.0000
 2007.3689  -4.8416939835E-04  0.5897  0.2564 -0.2310   20070501.0000   20070601.0000
 2007.4538  -4.8416936243E-04  0.9489  0.2314  0.3506   20070601.0000   20070701.0000
 2007.5359  -4.8416945392E-04  0.0340  0.2773  0.1041   20070701.0000   20070801.0000
 2007.6208  -4.8416957937E-04 -1.2205  0.2947 -0.8702   20070801.0000   20070901.0000
 2007.7057  -4.8416957181E-04 -1.1449  0.2306 -0.8875   20070901.0000   20071001.0000
 2007.7878  -4.8416951986E-04 -0.6254  0.2301 -0.0468   20071001.0000   20071101.0000
 2007.8727  -4.8416947197E-04 -0.1465  0.2682  0.3869   20071101.0000   20071201.0000
 2007.9548  -4.8416940512E-04  0.5220  0.3208  0.4195   20071201.0000   20080101.0000
 2008.0397  -4.8416941158E-04  0.4574  0.2415  0.6121   20080101.0000   20080201.0000
 2008.1246  -4.8416942494E-04  0.3238  0.2263  0.2975   20080201.0000   20080301.0000
 2008.2040  -4.8416945538E-04  0.0194  0.2029 -0.1822   20080301.0000   20080401.0000
 2008.2888  -4.8416934463E-04  1.1269  0.2646  0.4342   20080401.0000   20080501.0000
 2008.3710  -4.8416937826E-04  0.7906  0.2984  0.0848   20080501.0000   20080601.0000
 2008.4559  -4.8416953887E-04 -0.8155  0.2631 -0.8116   20080601.0000   20080701.0000
 2008.5380  -4.8416961666E-04 -1.5934  0.2640 -0.8685   20080701.0000   20080801.0000
 2008.6229  -4.8416963733E-04 -1.8001  0.2704 -0.8904   20080801.0000   20080901.0000
 2008.7077  -4.8416960477E-04 -1.4745  0.2205 -1.0362   20080901.0000   20081001.0000
 2008.7899  -4.8416963310E-04 -1.7578  0.2114 -1.2960   20081001.0000   20081101.0000
 2008.8747  -4.8416951725E-04 -0.5993  0.2588 -0.0125   20081101.0000   20081201.0000
 2008.9569  -4.8416947031E-04 -0.1299  0.3364  0.5333   20081201.0000   20090101.0000
 2009.0418  -4.8416941912E-04  0.3820  0.2449  0.4648   20090101.0000   20090201.0000
 2009.1266  -4.8416937976E-04  0.7756  0.2369  0.9475   20090201.0000   20090301.0000
 2009.2033  -4.8416945633E-04  0.0099  0.2099  0.1576   20090301.0000   20090401.0000
 2009.2882  -4.8416946732E-04 -0.1000  0.2515 -0.1836   20090401.0000   20090501.0000
 2009.3703  -4.8416943300E-04  0.2432  0.2965  0.1384   20090501.0000   20090601.0000
 2009.4552  -4.8416940990E-04  0.4742  0.3629  0.2754   20090601.0000   20090701.0000
 2009.5373  -4.8416950638E-04 -0.4906  0.2810 -0.2134   20090701.0000   20090801.0000
 2009.6222  -4.8416954336E-04 -0.8604  0.2894 -0.5203   20090801.0000   20090901.0000
 2009.7070  -4.8416958101E-04 -1.2369  0.2297 -0.5918   20090901.0000   20091001.0000
 2009.7892  -4.8416949441E-04 -0.3709  0.2737 -0.0983   20091001.0000   20091101.0000
 2009.8741  -4.8416941637E-04  0.4095  0.2677  0.8883   20091101.0000   20091201.0000
 2009.9562  -4.8416936236E-04  0.9496  0.3496  1.0484   20091201.0000   20100101.0000
 2010.0411  -4.8416929492E-04  1.6240  0.2774  1.4497   20100101.0000   20100201.0000
 2010.1259  -4.8416935853E-04  0.9879  0.2910  1.1720   20100201.0000   20100301.0000
 2010.2026  -4.8416944822E-04  0.0910  0.2290  0.0427   20100301.0000   20100401.0000
 2010.2875  -4.8416947471E-04 -0.1739  0.3345  0.0438   20100401.0000   20100501.0000
 2010.3696  -4.8416944332E-04  0.1400  0.3087 -0.2553   20100501.0000   20100601.0000
 2010.4545  -4.8416958303E-04 -1.2571  0.2894 -1.3461   20100601.0000   20100701.0000
 2010.5366  -4.8416970660E-04 -2.4928  0.3811 -1.6079   20100701.0000   20100801.0000
 2010.6215  -4.8416970813E-04 -2.5081  0.2549 -1.2377   20100801.0000   20100901.0000
 2010.7064  -4.8416963271E-04 -1.7539  0.2530 -0.4698   20100901.0000   20101001.0000
 2010.7885  -4.8416967268E-04 -2.1536  0.2584 -0.9031   20101001.0000   20101101.0000
 2010.8734  -4.8416956636E-04 -1.0904  0.2832 -0.2868   20101101.0000   20101201.0000
 2010.9555  -4.8416933647E-04  1.2085  0.4726  1.4567   20101201.0000   20110101.0000
 2011.0404  -4.8416935307E-04  1.0425  0.2790  1.6162   20110101.0000   20110201.0000
 2011.1253  -4.8416941248E-04  0.4484  0.2786  0.8741   20110201.0000   20110301.0000
 2011.2019  -4.8416949688E-04 -0.3956  0.2237  0.2404   20110301.0000   20110401.0000
 2011.2868  -4.8416951502E-04 -0.5770  0.3165  0.0711   20110401.0000   20110501.0000
 2011.3689  -4.8416953726E-04 -0.7994  0.2494 -0.6086   20110501.0000   20110601.0000
 2011.4538  -4.8416954530E-04 -0.8798  0.3059 -0.8081   20110601.0000   20110701.0000
 2011.5359  -4.8416960684E-04 -1.4952  0.2807 -0.1775   20110701.0000   20110801.0000
 2011.6208  -4.8416960875E-04 -1.5143  0.2223 -0.4319   20110801.0000   20110901.0000
 2011.7057  -4.8416961532E-04 -1.5800  0.2070 -0.5466   20110901.0000   20111001.0000
 2011.7878  -4.8416966277E-04 -2.0545  0.2466 -0.6183   20111001.0000   20111101.0000
 2011.8727  -4.8416951460E-04 -0.5728  0.3124  0.6455   20111101.0000   20111201.0000
 2011.9548  -4.8416957120E-04 -1.1388  0.2894  0.0036   20111201.0000   20120101.0000
 2012.0397  -4.8416951672E-04 -0.5940  0.2643  0.9868   20120101.0000   20120201.0000
 2012.1246  -4.8416945897E-04 -0.0165  0.2396  1.2748   20120201.0000   20120301.0000
 2012.2040  -4.8416955475E-04 -0.9743  0.2301  0.1312   20120301.0000   20120401.0000
 2012.2888  -4.8416958080E-04 -1.2348  0.2951 -0.5013   20120401.0000   20120501.0000
 2012.3710  -4.8416952669E-04 -0.6937  0.2265 -0.3130   20120501.0000   20120601.0000
 2012.4559  -4.8416956800E-04 -1.1068  0.2800  0.1621   20120601.0000   20120701.0000
 2012.5380  -4.8416975725E-04 -2.9993  0.2150 -1.0153   20120701.0000   20120801.0000
 2012.6229  -4.8416973133E-04 -2.7401  0.2015 -1.0101   20120801.0000   20120901.0000
 2012.7077  -4.8416973638E-04 -2.7906  0.2351 -0.9643   20120901.0000   20121001.0000
 2012.7899  -4.8416958219E-04 -1.2487  0.2452  0.3252   20121001.0000   20121101.0000
 2012.8747  -4.8416951340E-04 -0.5608  0.2908  0.5154   20121101.0000   20121201.0000
 2012.9569  -4.8416946866E-04 -0.1134  0.3081  1.3647   20121201.0000   20130101.0000
 2013.0418  -4.8416949189E-04 -0.3457  0.2948  0.6469   20130101.0000   20130201.0000
 2013.1266  -4.8416954143E-04 -0.8411  0.2520  0.4829   20130201.0000   20130301.0000
 2013.2033  -4.8416952837E-04 -0.7105  0.2577  0.1162   20130301.0000   20130401.0000
 2013.2882  -4.8416954060E-04 -0.8328  0.2379 -0.2201   20130401.0000   20130501.0000
 2013.3703  -4.8416957228E-04 -1.1496  0.2582 -0.5677   20130501.0000   20130601.0000
 2013.4552  -4.8416954042E-04 -0.8310  0.3002 -0.0494   20130601.0000   20130701.0000
 2013.5373  -4.8416970534E-04 -2.4802  0.3228 -0.6918   20130701.0000   20130801.0000
 2013.6222  -4.8416967796E-04 -2.2064  0.2237 -0.0229   20130801.0000   20130901.0000
 2013.7070  -4.8416965098E-04 -1.9366  0.2349  0.1211   20130901.0000   20131001.0000
 2013.7892  -4.8416967153E-04 -2.1421  0.2621 -0.5320   20131001.0000   20131101.0000
 2013.8741  -4.8416959284E-04 -1.3552  0.3040  0.3416   20131101.0000   20131201.0000
 2013.9562  -4.8416946853E-04 -0.1121  0.2771  0.8967   20131201.0000   20140101.0000
 2014.0411  -4.8416948920E-04 -0.3188  0.2077  0.8479   20140101.0000   20140201.0000
 2014.1259  -4.8416945754E-04 -0.0022  0.2379  0.9828   20140201.0000   20140301.0000
 2014.2026  -4.8416956773E-04 -1.1041  0.2066 -0.0512   20140301.0000   20140401.0000
 2014.2875  -4.8416957645E-04 -1.1913  0.1919 -0.1639   20140401.0000   20140501.0000
 2014.3696  -4.8416951738E-04 -0.6006  0.2370  0.1703   20140501.0000   20140601.0000
 2014.4545  -4.8416962196E-04 -1.6464  0.2612 -0.5016   20140601.0000   20140701.0000
 2014.5366  -4.8416972109E-04 -2.6377  0.2371 -1.2213   20140701.0000   20140801.0000
 2014.6215  -4.8416972446E-04 -2.6714  0.2241 -0.8787   20140801.0000   20140901.0000
 2014.7064  -4.8416967598E-04 -2.1866  0.2077 -0.0030   20140901.0000   20141001.0000
 2014.7885  -4.8416967898E-04 -2.2166  0.2264 -0.2480   20141001.0000   20141101.0000
 2014.8734  -4.8416952055E-04 -0.6323  0.2598  0.7237   20141101.0000   20141201.0000
 2014.9555  -4.8416962969E-04 -1.7237  0.2695  0.1919   20141201.0000   20150101.0000
 2015.0404  -4.8416960890E-04 -1.5158  0.2644  0.3184   20150101.0000   20150201.0000
 2015.1253  -4.8416957167E-04 -1.1435  0.2419  0.2043   20150201.0000   20150301.0000
 2015.2019  -4.8416959690E-04 -1.3958  0.2806 -0.0477   20150301.0000   20150401.0000
 2015.2868  -4.8416964034E-04 -1.8302  0.2082 -0.5202   20150401.0000   20150501.0000
 2015.3689  -4.8416961040E-04 -1.5308  0.2777 -0.3114   20150501.0000   20150601.0000
 2015.4538  -4.8416964212E-04 -1.8480  0.2612 -0.5240   20150601.0000   20150701.0000
 2015.5359  -4.8416975604E-04 -2.9872  0.3005 -1.1636   20150701.0000   20150801.0000
 2015.6208  -4.8416974606E-04 -2.8874  0.2347 -0.9190   20150801.0000   20150901.0000
 2015.7057  -4.8416971377E-04 -2.5645  0.2253 -0.3964   20150901.0000   20151001.0000
 2015.7878  -4.8416965579E-04 -1.9847  0.2317 -0.2706   20151001.0000   20151101.0000
 2015.8727  -4.8416957080E-04 -1.1348  0.2579  0.2362   20151101.0000   20151201.0000
 2015.9548  -4.8416957185E-04 -1.1453  0.2574  0.1683   20151201.0000   20160101.0000
 2016.0397  -4.8416949528E-04 -0.3796  0.3448  0.7273   20160101.0000   20160201.0000
 2016.1246  -4.8416951953E-04 -0.6221  0.1966 -0.0160   20160201.0000   20160301.0000
 2016.2040  -4.8416963981E-04 -1.8249  0.2155 -0.6533   20160301.0000   20160401.0000
 2016.2888  -4.8416952078E-04 -0.6346  0.2587 -0.0134   20160401.0000   20160501.0000
 2016.3710  -4.8416955304E-04 -0.9572  0.2449 -0.1235   20160501.0000   20160601.0000
 2016.4559  -4.8416967759E-04 -2.2027  0.2884 -1.0239   20160601.0000   20160701.0000
 2016.5380  -4.8416971562E-04 -2.5830  0.2800 -0.4074   20160701.0000   20160801.0000
 2016.6229  -4.8416963940E-04 -1.8208  0.2513  0.0653   20160801.0000   20160901.0000
 2016.7077  -4.8416977705E-04 -3.1973  0.2180 -0.7889   20160901.0000   20161001.0000
 2016.7899  -4.8416957249E-04 -1.1517  0.2115  0.8857   20161001.0000   20161101.0000
 2016.8747  -4.8416953537E-04 -0.7805  0.2495  0.8603   20161101.0000   20161201.0000
 2016.9569  -4.8416947585E-04 -0.1853  0.2999  1.1058   20161201.0000   20170101.0000
 2017.0418  -4.8416947532E-04 -0.1800  0.2533  1.3834   20170101.0000   20170201.0000
 2017.1266  -4.8416947463E-04 -0.1731  0.1958  1.0501   20170201.0000   20170301.0000
 2017.2033  -4.8416953309E-04 -0.7577  0.1776  0.8789   20170301.0000   20170401.0000
 2017.2882  -4.8416962180E-04 -1.6448  0.2181 -0.0447   20170401.0000   20170501.0000
 2017.3703  -4.8416956488E-04 -1.0756  0.2471 -0.1072   20170501.0000   20170601.0000
 2017.4552  -4.8416962162E-04 -1.6430  0.2458 -0.4245   20170601.0000   20170701.0000
 2017.5373  -4.8416975791E-04 -3.0059  0.2490 -0.6473   20170701.0000   20170801.0000
 2017.6222  -4.8416975707E-04 -2.9975  0.2836 -0.4762   20170801.0000   20170901.0000
 2017.7070  -4.8416975379E-04 -2.9647  0.2176 -0.2593   20170901.0000   20171001.0000
 2017.7892  -4.8416964887E-04 -1.9155  0.2286  0.3963   20171001.0000   20171101.0000
 2017.8741  -4.8416963371E-04 -1.7639  0.2590  0.3464   20171101.0000   20171201.0000
 2017.9562  -4.8416955007E-04 -0.9275  0.3332  0.6954   20171201.0000   20180101.0000
 2018.0411  -4.8416947378E-04 -0.1646  0.2354  1.0420   20180101.0000   20180201.0000
 2018.1259  -4.8416946442E-04 -0.0710  0.2091  1.1527   20180201.0000   20180301.0000
 2018.2026  -4.8416953458E-04 -0.7726  0.2152  0.3975   20180301.0000   20180401.0000
 2018.2875  -4.8416951645E-04 -0.5913  0.2543  0.1412   20180401.0000   20180501.0000
 2018.3696  -4.8416959356E-04 -1.3624  0.2504  0.0087   20180501.0000   20180601.0000
 2018.4545  -4.8416959190E-04 -1.3458  0.3094 -0.0659   20180601.0000   20180701.0000
 2018.5366  -4.8416972612E-04 -2.6880  0.2403 -0.5392   20180701.0000   20180801.0000
 2018.6215  -4.8416973249E-04 -2.7517  0.2251 -0.6131   20180801.0000   20180901.0000
 2018.7064  -4.8416971524E-04 -2.5792  0.2181 -0.4093   20180901.0000   20181001.0000
 2018.7885  -4.8416970706E-04 -2.4974  0.2200 -0.0745   20181001.0000   20181101.0000
 2018.8734  -4.8416959730E-04 -1.3998  0.2789  0.3839   20181101.0000   20181201.0000
 2018.9555  -4.8416957578E-04 -1.1846  0.3192  0.7551   20181201.0000   20190101.0000
 2019.0404  -4.8416960265E-04 -1.4533  0.2628  0.4070   20190101.0000   20190201.0000
 2019.1253  -4.8416950059E-04 -0.4327  0.2688  1.1406   20190201.0000   20190301.0000
 2019.2019  -4.8416963782E-04 -1.8050  0.2391  0.0027   20190301.0000   20190401.0000
 2019.2868  -4.8416958569E-04 -1.2837  0.2718  0.1431   20190401.0000   20190501.0000
 2019.3689  -4.8416957641E-04 -1.1909  0.2268  0.0904   20190501.0000   20190601.0000
 2019.4538  -4.8416968078E-04 -2.2346  0.2786 -0.6758   20190601.0000   20190701.0000
 2019.5359  -4.8416975443E-04 -2.9711  0.2731 -0.2809   20190701.0000   20190801.0000
 2019.6208  -4.8416972655E-04 -2.6923  0.2165 -0.1145   20190801.0000   20190901.0000
 2019.7057  -4.8416979864E-04 -3.4132  0.1856 -0.5356   20190901.0000   20191001.0000
 2019.7878  -4.8416967559E-04 -2.1827  0.2244  0.5222   20191001.0000   20191101.0000
 2019.8727  -4.8416954912E-04 -0.9180  0.2722  1.0385   20191101.0000   20191201.0000
 2019.9548  -4.8416957123E-04 -1.1391  0.2936  0.8872   20191201.0000   20200101.0000
 2020.0397  -4.8416957976E-04 -1.2244  0.2444  0.6767   20200101.0000   20200201.0000
 2020.1246  -4.8416964124E-04 -1.8392  0.3054  0.1416   20200201.0000   20200301.0000
 2020.2040  -4.8416966686E-04 -2.0954  0.2450 -0.2071   20200301.0000   20200401.0000
 2020.2888  -4.8416960410E-04 -1.4678  0.2648  0.1368   20200401.0000   20200501.0000
 2020.3710  -4.8416961519E-04 -1.5787  0.2301 -0.3643   20200501.0000   20200601.0000
 2020.4559  -4.8416968826E-04 -2.3094  0.3024 -0.4848   20200601.0000   20200701.0000
 2020.5380  -4.8416978933E-04 -3.3201  0.2130 -0.4223   20200701.0000   20200801.0000
 2020.6229  -4.8416973922E-04 -2.8190  0.2137  0.2380   20200801.0000   20200901.0000
 2020.7077  -4.8416976454E-04 -3.0722  0.2205 -0.0247   20200901.0000   20201001.0000
 2020.7899  -4.8416979182E-04 -3.3450  0.2637 -0.4890   20201001.0000   20201101.0000
 2020.8747  -4.8416971183E-04 -2.5451  0.3013 -0.0128   20201101.0000   20201201.0000
 2020.9569  -4.8416962958E-04 -1.7226  0.2729  0.5165   20201201.0000   20210101.0000
 2021.0418  -4.8416964113E-04 -1.8381  0.2820  0.8169   20210101.0000   20210201.0000
 2021.1266  -4.8416961651E-04 -1.5919  0.2670  0.5563   20210201.0000   20210301.0000
 2021.2033  -4.8416966209E-04 -2.0477  0.2578  0.0684   20210301.0000   20210401.0000
 2021.2882  -4.8416966247E-04 -2.0515  0.2618 -0.3099   20210401.0000   20210501.0000
 2021.3703  -4.8416969150E-04 -2.3418  0.2656 -0.4570   20210501.0000   20210601.0000
 2021.4552  -4.8416974429E-04 -2.8697  0.3092 -0.6121   20210601.0000   20210701.0000
 2021.5373  -4.8416980012E-04 -3.4280  0.2474 -0.3683   20210701.0000   20210801.0000
 2021.6222  -4.8416984923E-04 -3.9191  0.2620 -0.6982   20210801.0000   20210901.0000
 2021.7070  -4.8416988371E-04 -4.2639  0.2267 -0.9620   20210901.0000   20211001.0000
 2021.7892  -4.8416981937E-04 -3.6205  0.2721 -0.2262   20211001.0000   20211101.0000
 2021.8741  -4.8416978046E-04 -3.2314  0.2868 -0.3383   20211101.0000   20211201.0000
 2021.9562  -4.8416973888E-04 -2.8156  0.3087 -0.0690   20211201.0000   20220101.0000
 2022.0411  -4.8416968041E-04 -2.2309  0.2373  0.6555   20220101.0000   20220201.0000
 2022.1259  -4.8416966892E-04 -2.1160  0.2611  0.4502   20220201.0000   20220301.0000
 2022.2026  -4.8416963814E-04 -1.8082  0.2713  0.4831   20220301.0000   20220401.0000
 2022.2875  -4.8416964386E-04 -1.8654  0.2487 -0.0520   20220401.0000   20220501.0000
 2022.3696  -4.8416966296E-04 -2.0564  0.2704 -0.2171   20220501.0000   20220601.0000
 2022.4545  -4.8416969550E-04 -2.3818  0.3340  0.2787   20220601.0000   20220701.0000
 2022.5366  -4.8416987179E-04 -4.1447  0.3037 -0.6777   20220701.0000   20220801.0000
 2022.6215  -4.8416983363E-04 -3.7631  0.3262 -0.5432   20220801.0000   20220901.0000
 2022.7064  -4.8416992010E-04 -4.6278  0.2580 -1.0886   20220901.0000   20221001.0000
 2022.7885  -4.8416985307E-04 -3.9575  0.2476 -0.4844   20221001.0000   20221101.0000
 2022.8734  -4.8416974288E-04 -2.8556  0.3124  0.0553   20221101.0000   20221201.0000
 2022.9555  -4.8416966493E-04 -2.0761  0.3262  0.6693   20221201.0000   20230101.0000
 2023.0404  -4.8416973077E-04 -2.7345  0.2708  0.0306   20230101.0000   20230201.0000
 2023.1253  -4.8416968490E-04 -2.2758  0.2775  0.3038   20230201.0000   20230301.0000
 2023.2019  -4.8416967462E-04 -2.1730  0.2611  0.2708   20230301.0000   20230401.0000
 2023.2868  -4.8416959661E-04 -1.3929  0.3163  0.9370   20230401.0000   20230501.0000
 2023.3689  -4.8416975163E-04 -2.9431  0.3388 -0.5998   20230501.0000   20230601.0000
 2023.4538  -4.8416971608E-04 -2.5876  0.3557  0.0843   20230601.0000   20230701.0000
 2023.5359  -4.8416990283E-04 -4.4551  0.2982 -1.0417   20230701.0000   20230801.0000
 2023.6208  -4.8416987168E-04 -4.1436  0.2853 -0.4318   20230801.0000   20230901.0000
 2023.7057  -4.8416980857E-04 -3.5125  0.2389 -0.1066   20230901.0000   20231001.0000
 2023.7878  -4.8416985331E-04 -3.9599  0.2308 -0.4835   20231001.0000   20231101.0000
 2023.8727  -4.8416972129E-04 -2.6397  0.3474  0.4679   20231101.0000   20231201.0000
 2023.9548  -4.8416972919E-04 -2.7187  0.3187  0.3726   20231201.0000   20240101.0000
 2024.0397  -4.8416969607E-04 -2.3875  0.3205  0.6524   20240101.0000   20240201.0000
 2024.1246  -4.8416967563E-04 -2.1831  0.2702  0.0634   20240201.0000   20240301.0000
 2024.2040  -4.8416971216E-04 -2.5484  0.2354 -0.0155   20240301.0000   20240401.0000
 2024.2888  -4.8416971520E-04 -2.5788  0.2952  0.0561   20240401.0000   20240501.0000
 2024.3710  -4.8416972088E-04 -2.6356  0.3941  0.0134   20240501.0000   20240601.0000
 2024.4559  -4.8416976003E-04 -3.0271  0.3271 -0.4297   20240601.0000   20240701.0000
 2024.5380  -4.8416980359E-04 -3.4627  0.3484 -0.2872   20240701.0000   20240801.0000
 2024.6229  -4.8416980358E-04 -3.4626  0.3394 -0.0658   20240801.0000   20240901.0000
 2024.7077  -4.8416983732E-04 -3.8000  0.3342 -0.3920   20240901.0000   20241001.0000
 2024.7899  -4.8416980929E-04 -3.5197  0.4326 -0.1211   20241001.0000   20241101.0000
 2024.8747  -4.8416975996E-04 -3.0264  0.3259  0.1230   20241101.0000   20241201.0000
